golden_output_digest=e3762befad86e2a81da53a8413643b658a0be2d6136d69e195770b2beba48b3a
baseline_ms=293.20,317.42,349.24
candidate_ms=227.75,241.84,255.26
median_speedup=1.312521
conservative_speedup_low_over_high=1.148633
score=16.0
